         1     piezo PZT-4
# mechanical terms
 1.32000E+11 7.10000E+10 7.30000E+10 0.00000E+00 0.00000E+00 0.00000E+00
 7.10000E+10 1.32000E+11 7.30000E+10 0.00000E+00 0.00000E+00 0.00000E+00
 7.30000E+10 7.30000E+10 1.15000E+11 0.00000E+00 0.00000E+00 0.00000E+00
 0.00000E+00 0.00000E+00 0.00000E+00 2.60000E+10 0.00000E+00 0.00000E+00
 0.00000E+00 0.00000E+00 0.00000E+00 0.00000E+00 2.60000E+10 0.00000E+00
 0.00000E+00 0.00000E+00 0.00000E+00 0.00000E+00 0.00000E+00 3.00000E+10
# coupling terms
 0.00000E+00 0.00000E+00 0.00000E+00 0.00000E+00 1.05000E+01 0.00000E+00
 0.00000E+00 0.00000E+00 0.00000E+00 1.05000E+01 0.00000E+00 0.00000E+00
-4.10000E+00-4.10000E+00 1.41000E+01 0.00000E+00 0.00000E+00 0.00000E+00
# dielectric terms
 7.12000E-09 0.00000E+00 0.00000E+00
 0.00000E+00 7.12000E-09 0.00000E+00
 0.00000E+00 0.00000E+00 5.84000E-09
# density and damping coefficients
 7.50255E+03 8.00000E+04 6.00000E-10
# end of material data
        20     piezo silizium
# mechanic terms
 1.65682E+11 1.84091E+10 1.84091E+10 0.00000E+00 0.00000E+00 0.00000E+00
 1.84091E+10 1.65682E+11 1.84091E+10 0.00000E+00 0.00000E+00 0.00000E+00
 1.84091E+10 1.84091E+10 1.65682E+11 0.00000E+00 0.00000E+00 0.00000E+00
 0.00000E+00 0.00000E+00 0.00000E+00 7.36364E+10 0.00000E+00 0.00000E+00
 0.00000E+00 0.00000E+00 0.00000E+00 0.00000E+00 7.36364E+10 0.00000E+00
 0.00000E+00 0.00000E+00 0.00000E+00 0.00000E+00 0.00000E+00 7.36364E+10
# couppling terms
 0.00000E+00 0.00000E+00 0.00000E+00 0.00000E+00 0.00000E+00 0.00000E+00
 0.00000E+00 0.00000E+00 0.00000E+00 0.00000E+00 0.00000E+00 0.00000E+00
 0.00000E+00 0.00000E+00 0.00000E+00 0.00000E+00 0.00000E+00 0.00000E+00
# dielectric terms
 8.85419E-12 0.00000E+00 0.00000E+00
 0.00000E+00 8.85419E-12 0.00000E+00
 0.00000E+00 0.00000E+00 8.85419E-12
# density and damping
 2.30000E+03 5.00000E+01 1.00000E-07
# end of material data
        40     piezo PZT-5A
# mechanical terms
 1.21000E+11 7.54000E+10 7.52000E+10 0.00000E+00 0.00000E+00 0.00000E+00
 7.54000E+10 1.21000E+11 7.52000E+10 0.00000E+00 0.00000E+00 0.00000E+00
 7.52000E+10 7.52000E+10 1.11000E+11 0.00000E+00 0.00000E+00 0.00000E+00
 0.00000E+00 0.00000E+00 0.00000E+00 2.11000E+10 0.00000E+00 0.00000E+00
 0.00000E+00 0.00000E+00 0.00000E+00 0.00000E+00 2.11000E+10 0.00000E+00
 0.00000E+00 0.00000E+00 0.00000E+00 0.00000E+00 0.00000E+00 2.26000E+10
# coupling terms
 0.00000E+00 0.00000E+00 0.00000E+00 0.00000E+00 1.23000E+01 0.00000E+00
 0.00000E+00 0.00000E+00 0.00000E+00 1.23000E+01 0.00000E+00 0.00000E+00
-5.40000E+00-5.40000E+00 1.58000E+01 0.00000E+00 0.00000E+00 0.00000E+00
# dielectric terms
 8.10000E-09 0.00000E+00 0.00000E+00
 0.00000E+00 8.10000E-09 0.00000E+00
 0.00000E+00 0.00000E+00 7.35000E-09
# density and damping coefficients
 7.75025E+03 8.00000E+04 6.00000E-10
# end of material data
        80     piezo PZT-5H              vollstaendige Daten
# mechanical terms
 1.26000E+11 7.95000E+10 8.41000E+10 0.00000E+00 0.00000E+00 0.00000E+00
 7.95000E+10 1.26000E+11 8.41000E+10 0.00000E+00 0.00000E+00 0.00000E+00
 8.41000E+10 8.41000E+10 1.17000E+11 0.00000E+00 0.00000E+00 0.00000E+00
 0.00000E+00 0.00000E+00 0.00000E+00 2.30000E+10 0.00000E+00 0.00000E+00
 0.00000E+00 0.00000E+00 0.00000E+00 0.00000E+00 2.30000E+10 0.00000E+00
 0.00000E+00 0.00000E+00 0.00000E+00 0.00000E+00 0.00000E+00 2.32000E+10
# coupling terms
 0.00000E+00 0.00000E+00 0.00000E+00 0.00000E+00 1.70000E+01 0.00000E+00
 0.00000E+00 0.00000E+00 0.00000E+00 1.70000E+01 0.00000E+00 0.00000E+00
-6.50000E+00-6.50000E+00 2.33000E+01 0.00000E+00 0.00000E+00 0.00000E+00
# dielectric terms
 1.51000E-08 0.00000E+00 0.00000E+00
 0.00000E+00 1.51000E-08 0.00000E+00
 0.00000E+00 0.00000E+00 1.27000E-08
# density and damping coefficients
 7.50255E+03 8.00000E+04 6.00000E-10
# end of material data
       111     piezo Aluminium-Nitrit
# mechanic terms
 3.44332E+11 1.24067E+11 1.18661E+11 0.00000E+00 0.00000E+00 0.00000E+00
 1.24067E+11 3.44332E+11 1.18661E+11 0.00000E+00 0.00000E+00 0.00000E+00
 1.18661E+11 1.18661E+11 3.93455E+11 0.00000E+00 0.00000E+00 0.00000E+00
 0.00000E+00 0.00000E+00 0.00000E+00 1.17647E+11 0.00000E+00 0.00000E+00
 0.00000E+00 0.00000E+00 0.00000E+00 0.00000E+00 1.17647E+11 0.00000E+00
 0.00000E+00 0.00000E+00 0.00000E+00 0.00000E+00 0.00000E+00 1.10011E+11
# couppling terms
 0.00000E+00 0.00000E+00 0.00000E+00 0.00000E+00-4.80000E-01 0.00000E+00
 0.00000E+00 0.00000E+00 0.00000E+00-4.80000E-01 0.00000E+00 0.00000E+00
-5.85061E-01-5.85061E-01 1.54690E+00 0.00000E+00 0.00000E+00 0.00000E+00
# dielectric terms
 7.08335E-11 0.00000E+00 0.00000E+00
 0.00000E+00 7.08335E-11 0.00000E+00
 0.00000E+00 0.00000E+00 8.41148E-11
# density and damping
 3.26000E+03 0.00000E+00 4.00000E-13
# end of material data
       260     piezo PXE-5               s12-E, s13-E geschaetzt
# mechanical terms
 1.32000E+11 8.40000E+10 8.30000E+10 0.00000E+00 0.00000E+00 0.00000E+00
 8.40000E+10 1.32000E+11 8.30000E+10 0.00000E+00 0.00000E+00 0.00000E+00
 8.30000E+10 8.30000E+10 1.22000E+11 0.00000E+00 0.00000E+00 0.00000E+00
 0.00000E+00 0.00000E+00 0.00000E+00 2.60000E+10 0.00000E+00 0.00000E+00
 0.00000E+00 0.00000E+00 0.00000E+00 0.00000E+00 2.60000E+10 0.00000E+00
 0.00000E+00 0.00000E+00 0.00000E+00 0.00000E+00 0.00000E+00 2.40000E+10
# coupling terms
 0.00000E+00 0.00000E+00 0.00000E+00 0.00000E+00 1.34000E+01 0.00000E+00
 0.00000E+00 0.00000E+00 0.00000E+00 1.34000E+01 0.00000E+00 0.00000E+00
-7.80000E+00-7.80000E+00 1.34000E+01 0.00000E+00 0.00000E+00 0.00000E+00
# dielectric terms
 9.03000E-09 0.00000E+00 0.00000E+00
 0.00000E+00 9.03000E-09 0.00000E+00
 0.00000E+00 0.00000E+00 7.73000E-09
# density and damping coefficients
 7.64526E+03 0.00000E+00 0.00000E+00
# end of material data
       420     piezo vibrit-420  updated material data
# mechanical terms
 1.49000E+11 1.01000E+11 9.76000E+10 0.00000E+00 0.00000E+00 0.00000E+00
 1.01000E+11 1.49000E+11 9.76000E+10 0.00000E+00 0.00000E+00 0.00000E+00
 9.76000E+10 9.76000E+10 1.43000E+11 0.00000E+00 0.00000E+00 0.00000E+00
 0.00000E+00 0.00000E+00 0.00000E+00 2.22000E+10 0.00000E+00 0.00000E+00
 0.00000E+00 0.00000E+00 0.00000E+00 0.00000E+00 2.22000E+10 0.00000E+00
 0.00000E+00 0.00000E+00 0.00000E+00 0.00000E+00 0.00000E+00 2.37000E+10
# coupling terms
 0.00000E+00 0.00000E+00 0.00000E+00 0.00000E+00 1.17000E+01 0.00000E+00
 0.00000E+00 0.00000E+00 0.00000E+00 1.17000E+01 0.00000E+00 0.00000E+00
-5.35000E+00-5.35000E+00 1.35000E+01 0.00000E+00 0.00000E+00 0.00000E+00
# dielectric terms
 8.04000E-09 0.00000E+00 0.00000E+00
 0.00000E+00 8.04000E-09 0.00000E+00
 0.00000E+00 0.00000E+00 7.20100E-09
# density and damping coefficients
 7.59429E+03 7.50000E+03 6.00000E-10
# end of material data
       550     piezo bariumtitanat
# mechanical terms
 1.50000E+11 6.60000E+10 6.60000E+10 0.00000E+00 0.00000E+00 0.00000E+00
 6.60000E+10 1.50000E+11 6.60000E+10 0.00000E+00 0.00000E+00 0.00000E+00
 6.60000E+10 6.60000E+10 1.46000E+11 0.00000E+00 0.00000E+00 0.00000E+00
 0.00000E+00 0.00000E+00 0.00000E+00 4.40000E+10 0.00000E+00 0.00000E+00
 0.00000E+00 0.00000E+00 0.00000E+00 0.00000E+00 4.40000E+10 0.00000E+00
 0.00000E+00 0.00000E+00 0.00000E+00 0.00000E+00 0.00000E+00 4.30000E+10
# coupling terms
 0.00000E+00 0.00000E+00 0.00000E+00 0.00000E+00 1.14000E+01 0.00000E+00
 0.00000E+00 0.00000E+00 0.00000E+00 1.14000E+01 0.00000E+00 0.00000E+00
-4.40000E+00-4.40000E+00 1.75000E+01 0.00000E+00 0.00000E+00 0.00000E+00
# dielectric terms
 9.87000E-09 0.00000E+00 0.00000E+00
 0.00000E+00 9.87000E-09 0.00000E+00
 0.00000E+00 0.00000E+00 1.12000E-08
# density and damping coefficients
 5.69827E+03 0.00000E+00 0.00000E+00
# end of material data
       600     piezo LITIUM-NIOBAT       eps-S = eps-T
# mechanical terms
 2.03000E+11 5.30000E+10 7.50000E+10 9.00000E+09 0.00000E+00 0.00000E+00
 5.30000E+10 2.03000E+11 7.50000E+10-9.00000E+09 0.00000E+00 0.00000E+00
 7.50000E+10 7.50000E+10 2.45000E+11 0.00000E+00 0.00000E+00 0.00000E+00
 9.00000E+09-9.00000E+09 0.00000E+00 6.00000E+10 0.00000E+00 0.00000E+00
 0.00000E+00 0.00000E+00 0.00000E+00 0.00000E+00 6.00000E+10 9.00000E+09
 0.00000E+00 0.00000E+00 0.00000E+00 0.00000E+00 9.00000E+09 7.50000E+10
# coupling terms
 0.00000E+00 0.00000E+00 0.00000E+00 0.00000E+00 3.70000E+00-2.50000E+00
-2.50000E+00 2.50000E+00 0.00000E+00 3.70000E+00 0.00000E+00 0.00000E+00
 2.00000E-01 2.00000E-01 1.30000E+00 0.00000E+00 0.00000E+00 0.00000E+00
# dielectric terms
 7.43800E-10 0.00000E+00 0.00000E+00
 0.00000E+00 7.43800E-10 0.00000E+00
 0.00000E+00 0.00000E+00 2.65700E-10
# density and damping coefficients
 4.62793E+03 0.00000E+00 0.00000E+00
# end of material data
       601     piezo linbo3, 128-rot-xy  saw anwendung
# mechanic terms
 1.94000E+11 9.08000E+10 7.01000E+10 0.00000E+00 0.00000E+00 9.67000E+09
 9.08000E+10 2.22000E+11 5.79000E+10 0.00000E+00 0.00000E+00 8.53000E+09
 7.01000E+10 5.79000E+10 2.03000E+11 0.00000E+00 0.00000E+00 1.29000E+10
 0.00000E+00 0.00000E+00 0.00000E+00 7.80000E+10-5.10000E+09 0.00000E+00
 0.00000E+00 0.00000E+00 0.00000E+00-5.10000E+09 7.58000E+10 0.00000E+00
 9.67000E+09 8.53000E+09 1.29000E+10 0.00000E+00 0.00000E+00 5.70000E+10
# couppling terms
 4.43000E+00-1.54000E+00-1.85000E+00 0.00000E+00 0.00000E+00 7.82000E-02
-2.68000E+00 2.32000E+00 1.70000E+00 0.00000E+00 0.00000E+00 6.16000E-01
 0.00000E+00 0.00000E+00 0.00000E+00 4.45000E+00 3.08000E-01 0.00000E+00
# dielectric terms
 3.39115E-10 0.00000E+00 0.00000E+00
 0.00000E+00 3.07329E-10 0.00000E+00
 0.00000E+00 0.00000E+00 3.89584E-10
# density and damping
 4.63000E+03 0.00000E+00 1.00000E-12
# end of material data
       680     piezo PVDF e15=e24=4.2E-3 C/m*m, estimated
# mechanical terms
 1.11000E+10 7.40000E+09 7.40000E+09 0.00000E+00 0.00000E+00 0.00000E+00
 7.40000E+09 9.50000E+09 5.90000E+09 0.00000E+00 0.00000E+00 0.00000E+00
 7.40000E+09 5.90000E+09 9.50000E+09 0.00000E+00 0.00000E+00 0.00000E+00
 0.00000E+00 0.00000E+00 0.00000E+00 1.79000E+09 0.00000E+00 0.00000E+00
 0.00000E+00 0.00000E+00 0.00000E+00 0.00000E+00 9.30000E+08 0.00000E+00
 0.00000E+00 0.00000E+00 0.00000E+00 0.00000E+00 0.00000E+00 9.30000E+08
# coupling terms
 0.00000E+00 0.00000E+00 0.00000E+00 0.00000E+00 4.20000E-03 0.00000E+00
 0.00000E+00 0.00000E+00 0.00000E+00 4.20000E-03 0.00000E+00 0.00000E+00
 4.20000E-02-6.00000E-03-5.90000E-02 0.00000E+00 0.00000E+00 0.00000E+00
# dielectric terms
 8.85500E-11 0.00000E+00 0.00000E+00
 0.00000E+00 8.85500E-11 0.00000E+00
 0.00000E+00 0.00000E+00 8.85500E-11
# density and damping coefficients
 1.70234E+03 0.00000E+00 0.00000E+00
# end of material data
       700     piezo SILBER
# mechanical terms
 1.36100E+11 8.29900E+10 8.29900E+10 0.00000E+00 0.00000E+00 0.00000E+00
 8.29900E+10 1.36100E+11 8.29900E+10 0.00000E+00 0.00000E+00 0.00000E+00
 8.29900E+10 8.29900E+10 1.36100E+11 0.00000E+00 0.00000E+00 0.00000E+00
 0.00000E+00 0.00000E+00 0.00000E+00 2.65500E+10 0.00000E+00 0.00000E+00
 0.00000E+00 0.00000E+00 0.00000E+00 0.00000E+00 2.65500E+10 0.00000E+00
 0.00000E+00 0.00000E+00 0.00000E+00 0.00000E+00 0.00000E+00 2.65500E+10
# coupling terms
 0.00000E+00 0.00000E+00 0.00000E+00 0.00000E+00 0.00000E+00 0.00000E+00
 0.00000E+00 0.00000E+00 0.00000E+00 0.00000E+00 0.00000E+00 0.00000E+00
 0.00000E+00 0.00000E+00 0.00000E+00 0.00000E+00 0.00000E+00 0.00000E+00
# dielectric terms
 8.85000E-02 0.00000E+00 0.00000E+00
 0.00000E+00 8.85000E-02 0.00000E+00
 0.00000E+00 0.00000E+00 8.85000E-02
# density and damping coefficients
 1.04995E+04 0.00000E+00 0.00000E+00
# end of material data
       703     piezo GOLD
# mechanical terms
 1.86000E+11 1.29200E+11 1.29200E+11 0.00000E+00 0.00000E+00 0.00000E+00
 1.29200E+11 1.86000E+11 1.29200E+11 0.00000E+00 0.00000E+00 0.00000E+00
 1.29200E+11 1.29200E+11 1.86000E+11 0.00000E+00 0.00000E+00 0.00000E+00
 0.00000E+00 0.00000E+00 0.00000E+00 2.83700E+10 0.00000E+00 0.00000E+00
 0.00000E+00 0.00000E+00 0.00000E+00 0.00000E+00 2.83700E+10 0.00000E+00
 0.00000E+00 0.00000E+00 0.00000E+00 0.00000E+00 0.00000E+00 2.83700E+10
# coupling terms
 0.00000E+00 0.00000E+00 0.00000E+00 0.00000E+00 0.00000E+00 0.00000E+00
 0.00000E+00 0.00000E+00 0.00000E+00 0.00000E+00 0.00000E+00 0.00000E+00
 0.00000E+00 0.00000E+00 0.00000E+00 0.00000E+00 0.00000E+00 0.00000E+00
# dielectric terms
 8.85000E-02 0.00000E+00 0.00000E+00
 0.00000E+00 8.85000E-02 0.00000E+00
 0.00000E+00 0.00000E+00 8.85000E-02
# density and damping coefficients
 1.92966E+04 0.00000E+00 0.00000E+00
# end of material data
       706     piezo WOLFRAM
# mechanical terms
 5.69400E+11 3.07200E+11 3.07200E+11 0.00000E+00 0.00000E+00 0.00000E+00
 3.07200E+11 5.69400E+11 3.07200E+11 0.00000E+00 0.00000E+00 0.00000E+00
 3.07200E+11 3.07200E+11 5.69400E+11 0.00000E+00 0.00000E+00 0.00000E+00
 0.00000E+00 0.00000E+00 0.00000E+00 1.31100E+11 0.00000E+00 0.00000E+00
 0.00000E+00 0.00000E+00 0.00000E+00 0.00000E+00 1.31100E+11 0.00000E+00
 0.00000E+00 0.00000E+00 0.00000E+00 0.00000E+00 0.00000E+00 1.31100E+11
# coupling terms
 0.00000E+00 0.00000E+00 0.00000E+00 0.00000E+00 0.00000E+00 0.00000E+00
 0.00000E+00 0.00000E+00 0.00000E+00 0.00000E+00 0.00000E+00 0.00000E+00
 0.00000E+00 0.00000E+00 0.00000E+00 0.00000E+00 0.00000E+00 0.00000E+00
# dielectric terms
 8.85000E-02 0.00000E+00 0.00000E+00
 0.00000E+00 8.85000E-02 0.00000E+00
 0.00000E+00 0.00000E+00 8.85000E-02
# density and damping coefficients
 1.91030E+04 0.00000E+00 0.00000E+00
# end of material data
       710     piezo aluminium
# mechanical terms
 1.07800E+11 5.49300E+10 5.49300E+10 0.00000E+00 0.00000E+00 0.00000E+00
 5.49300E+10 1.07800E+11 5.49300E+10 0.00000E+00 0.00000E+00 0.00000E+00
 5.49300E+10 5.49300E+10 1.07800E+11 0.00000E+00 0.00000E+00 0.00000E+00
 0.00000E+00 0.00000E+00 0.00000E+00 2.64500E+10 0.00000E+00 0.00000E+00
 0.00000E+00 0.00000E+00 0.00000E+00 0.00000E+00 2.64500E+10 0.00000E+00
 0.00000E+00 0.00000E+00 0.00000E+00 0.00000E+00 0.00000E+00 2.64500E+10
# coupling terms
 0.00000E+00 0.00000E+00 0.00000E+00 0.00000E+00 0.00000E+00 0.00000E+00
 0.00000E+00 0.00000E+00 0.00000E+00 0.00000E+00 0.00000E+00 0.00000E+00
 0.00000E+00 0.00000E+00 0.00000E+00 0.00000E+00 0.00000E+00 0.00000E+00
# dielectric terms
 8.85000E-02 0.00000E+00 0.00000E+00
 0.00000E+00 8.85000E-02 0.00000E+00
 0.00000E+00 0.00000E+00 8.85000E-02
# density and damping coefficients
 2.70031E+03 0.00000E+00 4.00000E-13
       715     piezo steel
# mechanical terms
 2.74400E+11 1.08400E+11 1.08400E+11 0.00000E+00 0.00000E+00 0.00000E+00
 1.08400E+11 2.74400E+11 1.08400E+11 0.00000E+00 0.00000E+00 0.00000E+00
 1.08400E+11 1.08400E+11 2.74400E+11 0.00000E+00 0.00000E+00 0.00000E+00
 0.00000E+00 0.00000E+00 0.00000E+00 8.30000E+10 0.00000E+00 0.00000E+00
 0.00000E+00 0.00000E+00 0.00000E+00 0.00000E+00 8.30000E+10 0.00000E+00
 0.00000E+00 0.00000E+00 0.00000E+00 0.00000E+00 0.00000E+00 8.30000E+10
# coupling terms
 0.00000E+00 0.00000E+00 0.00000E+00 0.00000E+00 0.00000E+00 0.00000E+00
 0.00000E+00 0.00000E+00 0.00000E+00 0.00000E+00 0.00000E+00 0.00000E+00
 0.00000E+00 0.00000E+00 0.00000E+00 0.00000E+00 0.00000E+00 0.00000E+00
# dielectric terms
 8.85000E-02 0.00000E+00 0.00000E+00
 0.00000E+00 8.85000E-02 0.00000E+00
 0.00000E+00 0.00000E+00 8.85000E-02
# density and damping coefficients
 7.84709E+03 1.00000E+04 5.00000E-10
# end of material data
       730     piezo copper
# mechanical terms
 1.96600E+11 1.05700E+11 1.05700E+11 0.00000E+00 0.00000E+00 0.00000E+00
 1.05700E+11 1.96600E+11 1.05700E+11 0.00000E+00 0.00000E+00 0.00000E+00
 1.05700E+11 1.05700E+11 1.96600E+11 0.00000E+00 0.00000E+00 0.00000E+00
 0.00000E+00 0.00000E+00 0.00000E+00 4.54600E+10 0.00000E+00 0.00000E+00
 0.00000E+00 0.00000E+00 0.00000E+00 0.00000E+00 4.54600E+10 0.00000E+00
 0.00000E+00 0.00000E+00 0.00000E+00 0.00000E+00 0.00000E+00 4.54600E+10
# coupling terms
 0.00000E+00 0.00000E+00 0.00000E+00 0.00000E+00 0.00000E+00 0.00000E+00
 0.00000E+00 0.00000E+00 0.00000E+00 0.00000E+00 0.00000E+00 0.00000E+00
 0.00000E+00 0.00000E+00 0.00000E+00 0.00000E+00 0.00000E+00 0.00000E+00
# dielectric terms
 8.85500E-02 0.00000E+00 0.00000E+00
 0.00000E+00 8.85500E-02 0.00000E+00
 0.00000E+00 0.00000E+00 8.85500E-02
# density and damping coefficients
 8.89704E+03 7.00000E+04 5.00000E-10
# end of material data
       750     piezo blei
# mechanical terms
 5.31500E+10 4.19800E+10 4.19800E+10 0.00000E+00 0.00000E+00 0.00000E+00
 4.19800E+10 5.31500E+10 4.19800E+10 0.00000E+00 0.00000E+00 0.00000E+00
 4.19800E+10 4.19800E+10 5.31500E+10 0.00000E+00 0.00000E+00 0.00000E+00
 0.00000E+00 0.00000E+00 0.00000E+00 5.58600E+09 0.00000E+00 0.00000E+00
 0.00000E+00 0.00000E+00 0.00000E+00 0.00000E+00 5.58600E+09 0.00000E+00
 0.00000E+00 0.00000E+00 0.00000E+00 0.00000E+00 0.00000E+00 5.58600E+09
# coupling terms
 0.00000E+00 0.00000E+00 0.00000E+00 0.00000E+00 0.00000E+00 0.00000E+00
 0.00000E+00 0.00000E+00 0.00000E+00 0.00000E+00 0.00000E+00 0.00000E+00
 0.00000E+00 0.00000E+00 0.00000E+00 0.00000E+00 0.00000E+00 0.00000E+00
# dielectric terms
 8.85000E-02 0.00000E+00 0.00000E+00
 0.00000E+00 8.85000E-02 0.00000E+00
 0.00000E+00 0.00000E+00 8.85000E-02
# density and damping coefficients
 1.13965E+04 5.00000E-04 7.00000E-10
# end of material data
       760     piezo graphit axf-5q      rho=1790,c_l=3070, nue=0.3
# mechanical terms
 1.68700E+10 7.24200E+09 7.24200E+09 0.00000E+00 0.00000E+00 0.00000E+00
 7.24200E+09 1.68700E+10 7.24200E+09 0.00000E+00 0.00000E+00 0.00000E+00
 7.24200E+09 7.24200E+09 1.68700E+10 0.00000E+00 0.00000E+00 0.00000E+00
 0.00000E+00 0.00000E+00 0.00000E+00 4.81400E+09 0.00000E+00 0.00000E+00
 0.00000E+00 0.00000E+00 0.00000E+00 0.00000E+00 4.81400E+09 0.00000E+00
 0.00000E+00 0.00000E+00 0.00000E+00 0.00000E+00 0.00000E+00 4.81400E+09
# coupling terms
 0.00000E+00 0.00000E+00 0.00000E+00 0.00000E+00 0.00000E+00 0.00000E+00
 0.00000E+00 0.00000E+00 0.00000E+00 0.00000E+00 0.00000E+00 0.00000E+00
 0.00000E+00 0.00000E+00 0.00000E+00 0.00000E+00 0.00000E+00 0.00000E+00
# dielectric terms
 4.42700E-11 0.00000E+00 0.00000E+00
 0.00000E+00 4.42700E-11 0.00000E+00
 0.00000E+00 0.00000E+00 4.42700E-11
# density and damping coefficients
 1.78899E+03 7.00000E+04 5.00000E-10
# end of material data
       790     piezo polysulfone eps-R=1, nue=0.386, c=2320
# mechanical terms
 6.62000E+09 4.16200E+09 4.16200E+09 0.00000E+00 0.00000E+00 0.00000E+00
 4.16200E+09 6.62000E+09 4.16200E+09 0.00000E+00 0.00000E+00 0.00000E+00
 4.16200E+09 4.16200E+09 6.62000E+09 0.00000E+00 0.00000E+00 0.00000E+00
 0.00000E+00 0.00000E+00 0.00000E+00 1.22900E+09 0.00000E+00 0.00000E+00
 0.00000E+00 0.00000E+00 0.00000E+00 0.00000E+00 1.22900E+09 0.00000E+00
 0.00000E+00 0.00000E+00 0.00000E+00 0.00000E+00 0.00000E+00 1.22900E+09
# coupling terms
 0.00000E+00 0.00000E+00 0.00000E+00 0.00000E+00 0.00000E+00 0.00000E+00
 0.00000E+00 0.00000E+00 0.00000E+00 0.00000E+00 0.00000E+00 0.00000E+00
 0.00000E+00 0.00000E+00 0.00000E+00 0.00000E+00 0.00000E+00 0.00000E+00
# dielectric terms
 8.85500E-12 0.00000E+00 0.00000E+00
 0.00000E+00 8.85500E-12 0.00000E+00
 0.00000E+00 0.00000E+00 8.85500E-12
# density and damping coefficients
 1.23038E+03 7.00000E+04 5.00000E-10
# end of material data
       800     piezo araldite F/HT972, E-M.=3.8E9, nue=0.37, eps-r=4.3
# mechanical terms
 6.72100E+09 3.94700E+09 3.94700E+09 0.00000E+00 0.00000E+00 0.00000E+00
 3.94700E+09 6.72100E+09 3.94700E+09 0.00000E+00 0.00000E+00 0.00000E+00
 3.94700E+09 3.94700E+09 6.72100E+09 0.00000E+00 0.00000E+00 0.00000E+00
 0.00000E+00 0.00000E+00 0.00000E+00 1.38700E+09 0.00000E+00 0.00000E+00
 0.00000E+00 0.00000E+00 0.00000E+00 0.00000E+00 1.38700E+09 0.00000E+00
 0.00000E+00 0.00000E+00 0.00000E+00 0.00000E+00 0.00000E+00 1.38700E+09
# coupling terms
 0.00000E+00 0.00000E+00 0.00000E+00 0.00000E+00 0.00000E+00 0.00000E+00
 0.00000E+00 0.00000E+00 0.00000E+00 0.00000E+00 0.00000E+00 0.00000E+00
 0.00000E+00 0.00000E+00 0.00000E+00 0.00000E+00 0.00000E+00 0.00000E+00
# dielectric terms
 3.80800E-11 0.00000E+00 0.00000E+00
 0.00000E+00 3.80800E-11 0.00000E+00
 0.00000E+00 0.00000E+00 3.80800E-11
# density and damping coefficients
 1.18043E+03 0.00000E+00 0.00000E+00
# end of material data
       820     piezo polyaethylene eps-r=5
# mechanical terms
 5.17200E+09 3.56400E+09 3.56400E+09 0.00000E+00 0.00000E+00 0.00000E+00
 3.56400E+09 5.17200E+09 3.56400E+09 0.00000E+00 0.00000E+00 0.00000E+00
 3.56400E+09 3.56400E+09 5.17200E+09 0.00000E+00 0.00000E+00 0.00000E+00
 0.00000E+00 0.00000E+00 0.00000E+00 8.04000E+08 0.00000E+00 0.00000E+00
 0.00000E+00 0.00000E+00 0.00000E+00 0.00000E+00 8.04000E+08 0.00000E+00
 0.00000E+00 0.00000E+00 0.00000E+00 0.00000E+00 0.00000E+00 8.04000E+08
# coupling terms
 0.00000E+00 0.00000E+00 0.00000E+00 0.00000E+00 0.00000E+00 0.00000E+00
 0.00000E+00 0.00000E+00 0.00000E+00 0.00000E+00 0.00000E+00 0.00000E+00
 0.00000E+00 0.00000E+00 0.00000E+00 0.00000E+00 0.00000E+00 0.00000E+00
# dielectric terms
 4.42800E-11 0.00000E+00 0.00000E+00
 0.00000E+00 4.42800E-11 0.00000E+00
 0.00000E+00 0.00000E+00 4.42800E-11
# density and damping coefficients
 9.39959E+02 0.00000E+00 5.00000E-02
# end of material data
       830     piezo polyurethane averaged c=1750, rho=1200, nue=0.35
# mechanical terms
 3.67600E+09 1.98000E+09 1.98000E+09 0.00000E+00 0.00000E+00 0.00000E+00
 1.98000E+09 3.67600E+09 1.98000E+09 0.00000E+00 0.00000E+00 0.00000E+00
 1.98000E+09 1.98000E+09 3.67600E+09 0.00000E+00 0.00000E+00 0.00000E+00
 0.00000E+00 0.00000E+00 0.00000E+00 8.48400E+08 0.00000E+00 0.00000E+00
 0.00000E+00 0.00000E+00 0.00000E+00 0.00000E+00 8.48400E+08 0.00000E+00
 0.00000E+00 0.00000E+00 0.00000E+00 0.00000E+00 0.00000E+00 8.48400E+08
# coupling terms
 0.00000E+00 0.00000E+00 0.00000E+00 0.00000E+00 0.00000E+00 0.00000E+00
 0.00000E+00 0.00000E+00 0.00000E+00 0.00000E+00 0.00000E+00 0.00000E+00
 0.00000E+00 0.00000E+00 0.00000E+00 0.00000E+00 0.00000E+00 0.00000E+00
# dielectric terms
 4.95900E-11 0.00000E+00 0.00000E+00
 0.00000E+00 4.95900E-11 0.00000E+00
 0.00000E+00 0.00000E+00 4.95900E-11
# density and damping coefficients
 1.19980E+03 0.00000E+00 0.00000E+00
# end of material data
       850     piezo silicon, eps-r=6 gesch. (Macor)
# mechanical terms
 1.62400E+11 6.00800E+10 6.00800E+10 0.00000E+00 0.00000E+00 0.00000E+00
 6.00800E+10 1.62400E+11 6.00800E+10 0.00000E+00 0.00000E+00 0.00000E+00
 6.00800E+10 6.00800E+10 1.62400E+11 0.00000E+00 0.00000E+00 0.00000E+00
 0.00000E+00 0.00000E+00 0.00000E+00 5.11800E+10 0.00000E+00 0.00000E+00
 0.00000E+00 0.00000E+00 0.00000E+00 0.00000E+00 5.11800E+10 0.00000E+00
 0.00000E+00 0.00000E+00 0.00000E+00 0.00000E+00 0.00000E+00 5.11800E+10
# coupling terms
 0.00000E+00 0.00000E+00 0.00000E+00 0.00000E+00 0.00000E+00 0.00000E+00
 0.00000E+00 0.00000E+00 0.00000E+00 0.00000E+00 0.00000E+00 0.00000E+00
 0.00000E+00 0.00000E+00 0.00000E+00 0.00000E+00 0.00000E+00 0.00000E+00
# dielectric terms
 5.31300E-11 0.00000E+00 0.00000E+00
 0.00000E+00 5.31300E-11 0.00000E+00
 0.00000E+00 0.00000E+00 5.31300E-11
# density and damping coefficients
 2.30000E+03 4.00000E+05 4.00000E-13
# end of material data
       851     piezo poly-si
# mechanic terms
 1.68548E+11 2.51854E+10 2.51854E+10 0.00000E+00 0.00000E+00 0.00000E+00
 2.51854E+10 1.68548E+11 2.51854E+10 0.00000E+00 0.00000E+00 0.00000E+00
 2.51854E+10 2.51854E+10 1.68548E+11 0.00000E+00 0.00000E+00 0.00000E+00
 0.00000E+00 0.00000E+00 0.00000E+00 7.16814E+10 0.00000E+00 0.00000E+00
 0.00000E+00 0.00000E+00 0.00000E+00 0.00000E+00 7.16814E+10 0.00000E+00
 0.00000E+00 0.00000E+00 0.00000E+00 0.00000E+00 0.00000E+00 7.16814E+10
# couppling terms
 0.00000E+00 0.00000E+00 0.00000E+00 0.00000E+00 0.00000E+00 0.00000E+00
 0.00000E+00 0.00000E+00 0.00000E+00 0.00000E+00 0.00000E+00 0.00000E+00
 0.00000E+00 0.00000E+00 0.00000E+00 0.00000E+00 0.00000E+00 0.00000E+00
# dielectric terms
 8.85419E-12 0.00000E+00 0.00000E+00
 0.00000E+00 8.85419E-12 0.00000E+00
 0.00000E+00 0.00000E+00 8.85419E-12
# density and damping
 2.30000E+03 0.00000E+00 4.00000E-13
# end of material data
       855     piezo   poly-si           nue=0.2
# mechanic terms
 1.80000E+11 4.50000E+10 4.50000E+10 0.00000E+00 0.00000E+00 0.00000E+00
 4.50000E+10 1.80000E+11 4.50000E+10 0.00000E+00 0.00000E+00 0.00000E+00
 4.50000E+10 4.50000E+10 1.80000E+11 0.00000E+00 0.00000E+00 0.00000E+00
 0.00000E+00 0.00000E+00 0.00000E+00 6.75000E+10 0.00000E+00 0.00000E+00
 0.00000E+00 0.00000E+00 0.00000E+00 0.00000E+00 6.75000E+10 0.00000E+00
 0.00000E+00 0.00000E+00 0.00000E+00 0.00000E+00 0.00000E+00 6.75000E+10
# couppling terms
 0.00000E+00 0.00000E+00 0.00000E+00 0.00000E+00 0.00000E+00 0.00000E+00
 0.00000E+00 0.00000E+00 0.00000E+00 0.00000E+00 0.00000E+00 0.00000E+00
 0.00000E+00 0.00000E+00 0.00000E+00 0.00000E+00 0.00000E+00 0.00000E+00
# dielectric terms
 4.42709E-11 0.00000E+00 0.00000E+00
 0.00000E+00 4.42709E-11 0.00000E+00
 0.00000E+00 0.00000E+00 4.42709E-11
# density and damping
 2.30000E+03 3.00000E+05 5.00000E-13
# end of material data
       970     piezo mylar rho=1395, v=2300, nue=0.38
# mechanical terms
 7.38000E+09 4.52300E+09 4.52300E+09 0.00000E+00 0.00000E+00 0.00000E+00
 4.52300E+09 7.38000E+09 4.52300E+09 0.00000E+00 0.00000E+00 0.00000E+00
 4.52300E+09 4.52300E+09 7.38000E+09 0.00000E+00 0.00000E+00 0.00000E+00
 0.00000E+00 0.00000E+00 0.00000E+00 1.42800E+09 0.00000E+00 0.00000E+00
 0.00000E+00 0.00000E+00 0.00000E+00 0.00000E+00 1.42800E+09 0.00000E+00
 0.00000E+00 0.00000E+00 0.00000E+00 0.00000E+00 0.00000E+00 1.42800E+09
# coupling terms
 0.00000E+00 0.00000E+00 0.00000E+00 0.00000E+00 0.00000E+00 0.00000E+00
 0.00000E+00 0.00000E+00 0.00000E+00 0.00000E+00 0.00000E+00 0.00000E+00
 0.00000E+00 0.00000E+00 0.00000E+00 0.00000E+00 0.00000E+00 0.00000E+00
# dielectric terms
 4.42700E-11 0.00000E+00 0.00000E+00
 0.00000E+00 4.42700E-11 0.00000E+00
 0.00000E+00 0.00000E+00 4.42700E-11
# density and damping coefficients
 1.39450E+03 7.00000E+04 5.00000E-10
# end of material data
       990     piezo plexi
# mechanical terms
 8.79400E+09 3.96800E+09 3.96800E+09 0.00000E+00 0.00000E+00 0.00000E+00
 3.96800E+09 8.79400E+09 3.96800E+09 0.00000E+00 0.00000E+00 0.00000E+00
 3.96800E+09 3.96800E+09 8.79400E+09 0.00000E+00 0.00000E+00 0.00000E+00
 0.00000E+00 0.00000E+00 0.00000E+00 2.41300E+09 0.00000E+00 0.00000E+00
 0.00000E+00 0.00000E+00 0.00000E+00 0.00000E+00 2.41300E+09 0.00000E+00
 0.00000E+00 0.00000E+00 0.00000E+00 0.00000E+00 0.00000E+00 2.41300E+09
# coupling terms
 0.00000E+00 0.00000E+00 0.00000E+00 0.00000E+00 0.00000E+00 0.00000E+00
 0.00000E+00 0.00000E+00 0.00000E+00 0.00000E+00 0.00000E+00 0.00000E+00
 0.00000E+00 0.00000E+00 0.00000E+00 0.00000E+00 0.00000E+00 0.00000E+00
# dielectric terms
 4.42700E-11 0.00000E+00 0.00000E+00
 0.00000E+00 4.42700E-11 0.00000E+00
 0.00000E+00 0.00000E+00 4.42700E-11
# density and damping coefficients
 1.17941E+03 5.00000E+04 3.00000E-10
# end of material data
     10000     fluid water
 1.00000E+03 2.25000E+09 0.00000E+00 0.00000E+00
     10100     fluid air
 1.20500E+00 1.41767E+05 0.00000E+00 0.00000E+00
     12000     elec  air
 8.85000E-12 0.00000E+00 0.00000E+00 0.00000E+00
     14005     fluid air, absorption element, r=.95
 1.20500E+00 1.41767E+05 0.95000E+00 0.05000E+00
     14010     fluid air, absorption element, r=.90
 1.20500E+00 1.41767E+05 0.90000E+00 0.10000E+00
     14020     fluid air, absorption element, r=.80
 1.20500E+00 1.41767E+05 0.80000E+00 0.20000E+00
     14050     fluid air, absorption element, r=.50
 1.20500E+00 1.41767E+05 0.50000E+00 0.50000E+00
     14080     fluid air, absorption element, r=.20
 1.20500E+00 1.41767E+05 0.20000E+00 0.80000E+00
     14090     fluid air, absorption element, r=.10
 1.20500E+00 1.41767E+05 0.10000E+00 0.90000E+00
     14100     fluid air, absorption element, r=.00001
 1.20500E+00 1.41767E+05 0.00001E+00 0.99999E+00
         1  magnetic AIR
# conductivity permability        Mx          My          Mz
 0.00000E+00 1.25664E-06 0.00000E+00 0.00000E+00 0.00000E+00 
        54  magnetic Eisen
# conductivity permability        Mx          My          Mz
 0.00000E+00 1.25664E-06 0.00000E+00 0.00000E+00 1.00000E+00 
        55  magnetic Eisen (mu=infinity)
# conductivity permability        Mx          My          Mz
 0.00000E+00 0.10000E+01 
       351  magnetic Aluminium
# conductivity permability        Mx          My          Mz
 3.55000E+07 1.25664E-0 0.00000E+00 0.00000E+00 0.00000E+00 6
       711   magnetic Aluminium / Biro Habil.
# magnetic terms
 2.5380E+07 1.25664E-06 0.00000E+00 0.00000E+00 0.00000E+00 
