# model-heading
 unknown header
#  soltype  analtype   numnode  numgroup   restart
         1         1        23         1         0
# inactiv.   circuit
         0         0
# globally deactivated degrees of freedom
# masstype  damptype    noopti
         2         1         0
# formsave nsavenode   savemax
         1        23         0
# save nodal degrees of freedom
   dx   ep  enp   vp  vnp  chg   ax  anx   tp  tnp  esp  mue  sig   vz
# save first deriv. of nodal degrees of freedom

# save secnd. deriv. of nodal degrees of freedom

# nodal coordinate data
         1  0.000000000000E+00  5.000000000000E-03  0.000000000000E+00
         2  0.000000000000E+00  0.000000000000E+00  0.000000000000E+00
         3  5.000000000000E-03  5.000000000000E-03  0.000000000000E+00
         4  5.000000000000E-03  0.000000000000E+00  0.000000000000E+00
         5  2.500000000000E-03  2.500000000000E-03  0.000000000000E+00
         6  0.000000000000E+00  0.000000000000E+00  1.000000000000E-02
         7  5.000000000000E-03  0.000000000000E+00  1.000000000000E-02
         8  5.000000000000E-03  5.000000000000E-03  1.000000000000E-02
         9  0.000000000000E+00  5.000000000000E-03  1.000000000000E-02
        10  2.500000000000E-03  2.500000000000E-03  1.000000000000E-02
        11  0.000000000000E+00  0.000000000000E+00  5.000000000000E-03
        12  5.000000000000E-03  0.000000000000E+00  5.000000000000E-03
        13  2.500000000000E-03  0.000000000000E+00  6.500000000000E-03
        14  2.500000000000E-03  0.000000000000E+00  3.300000000000E-03
        15  5.000000000000E-03  5.000000000000E-03  5.000000000000E-03
        16  0.000000000000E+00  5.000000000000E-03  5.000000000000E-03
        17  2.500000000000E-03  5.000000000000E-03  3.500000000000E-03
        18  2.500000000000E-03  5.000000000000E-03  6.700000000000E-03
        19  0.000000000000E+00  2.500000000000E-03  6.500000000000E-03
        20  0.000000000000E+00  2.500000000000E-03  3.300000000000E-03
        21  5.000000000000E-03  2.500000000000E-03  3.500000000000E-03
        22  5.000000000000E-03  2.500000000000E-03  6.700000000000E-03
        23  2.499837893993E-03  2.499837893993E-03  4.999838303775E-03
# group definition for 3d piezo elements
#  numelem ielemtype  isubtype ielemsave   maxnode nonlinear     form1     form2
        48        11         0         1         4         0         0         0
#   matnum calc_elem
        40 
# element definition
         1         0
        22        23        23        21        15        15        15        15
         2         0
        22        13        13        12        23        23        23        23
         3         0
        22        23        23        18        10        10        10        10
         4         0
        22         7         7        12        13        13        13        13
         5         0
        22        18        18         8        10        10        10        10
         6         0
        21        17        17         3        15        15        15        15
         7         0
        21        23        23        17        15        15        15        15
         8         0
        21        14        14        23        12        12        12        12
         9         0
        21        14        14         4         5         5         5         5
        10         0
        20        17        17         5        23        23        23        23
        11         0
        20         2         2        11        14        14        14        14
        12         0
        20        23        23        19        16        16        16        16
        13         0
        20        23        23        16        17        17        17        17
        14         0
        19        23        23        11        13        13        13        13
        15         0
        19        18        18        23        10        10        10        10
        16         0
        19        13        13        11         6         6         6         6
        17         0
        19        18        18         9        16        16        16        16
        18         0
        18        16        16        23        17        17        17        17
        19         0
        19        23        23        18        16        16        16        16
        20         0
        19         9         9        18        10        10        10        10
        21         0
        22         8         8        18        15        15        15        15
        22         0
        20        16        16         1        17        17        17        17
        23         0
        21         5         5        17        23        23        23        23
        24         0
        18         9         9         8        10        10        10        10
        25         0
        19        13        13        10        23        23        23        23
        26         0
        21         4         4        14        12        12        12        12
        27         0
        20        11        11        19        23        23        23        23
        28         0
        21        23        23        14         5         5         5         5
        29         0
        11        23        23        14        13        13        13        13
        30         0
        21         4         4         3         5         5         5         5
        31         0
        22        13        13        10         7         7         7         7
        32         0
        19         6         6        10        13        13        13        13
        33         0
        13        10        10         7         6         6         6         6
        34         0
        22         7         7        10         8         8         8         8
        35         0
        20        11        11        23        14        14        14        14
        36         0
        14        23        23        12        13        13        13        13
        37         0
        19         9         9        10         6         6         6         6
        38         0
        21         3         3        17         5         5         5         5
        39         0
        22        12        12        21        23        23        23        23
        40         0
        17         1         1         5         3         3         3         3
        41         0
        14         4         4         5         2         2         2         2
        42         0
        20         5         5        17         1         1         1         1
        43         0
        20         5         5         1         2         2         2         2
        44         0
        22        15        15        18        23        23        23        23
        45         0
        22        23        23        10        13        13        13        13
        46         0
        18        17        17        23        15        15        15        15
        47         0
        20        14        14        23         5         5         5         5
        48         0
        20         2         2        14         5         5         5         5
# Time function data 
         1
# timefunctions
#    nfunc      nval
         1         2
  0.000000000000E+00  1.000000000000E+00
  1.000000000000E+06  1.000000000000E+00
# transient analysis with indirect solver
#  soltype itersolve  ncorrect ibemcheck   iprecon   iterlog
         1         3         1         0         1         1        60
#             bemtol             convtol
  1.000000000000E-10  1.000000000000E-06
#   static
         1
# nonlinear paramters
#  nlinalg    nlcrit    nlform   nlmaxit    updgeo
         0         0         0         0         0  0.000000000000E+00
#              nltol
  0.000000000000E+00  0.000000000000E+00  0.000000000000E+00  0.000000000000E+00
#  numstep        delta-t
         1  1.000000000000E+00
#         constalpha           constbeta        constgamma_h        constgamma_p
  0.000000000000E+00  2.500000000000E-01  5.000000000000E-01  1.000000000000E+00
#  numdofs numconstr  numrestr  numloads numresist numspring numbembdr
        20         0         5         0         0         0         0         0
         0         0         0         0         0         0         0         0
# dofs
#     node   inactive dofs
         1   dx
         2   dx
         3   dx
         4   dx
         5   dx
         1   dy
         2   dy
         3   dy
         4   dy
         5   dy
         1   dz
         2   dz
         3   dz
         4   dz
         5   dz
         1   ep
         2   ep
         3   ep
         4   ep
         5   ep
# restraints
         6   ep         1  1.000000000000E+00
         7   ep         1  1.000000000000E+00
         8   ep         1  1.000000000000E+00
         9   ep         1  1.000000000000E+00
        10   ep         1  1.000000000000E+00
#   npress ncurrdens
         0         0
# controller paramters
#          cntoffset              cnttol  cntitmax    cntuse
  0.000000000000E+00  1.000000000000E-06         2         0
