#  model-heading
                                                                                
#  soltype  analtype   numnode  numgroup   restart
         1         1        39         1         0
#inactdofs   circuit
         0         0
# globaly deactivated degrees of freedom
# masstype  damptype nooptimiz
         2         0         0
# formsave nsavenode  savemax
         1        39         0
# save nodal degrees of freedom
   vp
# save first deriv. of nodal degrees of freedom
   vp
# save secnd. deriv. of nodal degrees of freedom

#  nodal coordinate data
         1  0.000000000000E+00  0.000000000000E+00  0.000000000000E+00
         2  0.000000000000E+00  0.833333333333E-03  0.000000000000E+00
         3  0.000000000000E+00  0.166666666667E-02  0.000000000000E+00
         4  0.000000000000E+00  0.250000000000E-02  0.000000000000E+00
         5  0.000000000000E+00  0.333333333333E-02  0.000000000000E+00
         6  0.000000000000E+00  0.416666666667E-02  0.000000000000E+00
         7  0.000000000000E+00  0.500000000000E-02  0.000000000000E+00
         8  0.000000000000E+00  0.583333333333E-02  0.000000000000E+00
         9  0.000000000000E+00  0.666666666667E-02  0.000000000000E+00
        10  0.000000000000E+00  0.750000000000E-02  0.000000000000E+00
        11  0.000000000000E+00  0.833333333333E-02  0.000000000000E+00
        12  0.000000000000E+00  0.916666666667E-02  0.000000000000E+00
        13  0.000000000000E+00  0.100000000000E-01  0.000000000000E+00
        14  0.000000000000E+00  0.000000000000E+00  0.500000000000E-04
        15  0.000000000000E+00  0.833333333333E-03  0.500000000000E-04
        16  0.000000000000E+00  0.166666666667E-02  0.500000000000E-04
        17  0.000000000000E+00  0.250000000000E-02  0.500000000000E-04
        18  0.000000000000E+00  0.333333333333E-02  0.500000000000E-04
        19  0.000000000000E+00  0.416666666667E-02  0.500000000000E-04
        20  0.000000000000E+00  0.500000000000E-02  0.500000000000E-04
        21  0.000000000000E+00  0.583333333333E-02  0.500000000000E-04
        22  0.000000000000E+00  0.666666666667E-02  0.500000000000E-04
        23  0.000000000000E+00  0.750000000000E-02  0.500000000000E-04
        24  0.000000000000E+00  0.833333333333E-02  0.500000000000E-04
        25  0.000000000000E+00  0.916666666667E-02  0.500000000000E-04
        26  0.000000000000E+00  0.100000000000E-01  0.500000000000E-04
        27  0.000000000000E+00  0.000000000000E+00  0.100000000000E-03
        28  0.000000000000E+00  0.833333333333E-03  0.100000000000E-03
        29  0.000000000000E+00  0.166666666667E-02  0.100000000000E-03
        30  0.000000000000E+00  0.250000000000E-02  0.100000000000E-03
        31  0.000000000000E+00  0.333333333333E-02  0.100000000000E-03
        32  0.000000000000E+00  0.416666666667E-02  0.100000000000E-03
        33  0.000000000000E+00  0.500000000000E-02  0.100000000000E-03
        34  0.000000000000E+00  0.583333333333E-02  0.100000000000E-03
        35  0.000000000000E+00  0.666666666667E-02  0.100000000000E-03
        36  0.000000000000E+00  0.750000000000E-02  0.100000000000E-03
        37  0.000000000000E+00  0.833333333333E-02  0.100000000000E-03
        38  0.000000000000E+00  0.916666666667E-02  0.100000000000E-03
        39  0.000000000000E+00  0.100000000000E-01  0.100000000000E-03
# group definition for fluid2d elements
#  numelem  ielemtyp  isubtype ielemsave   maxnode nonlinear     form1     form2
        24         2         1         1         4         0         0         0
#   matnum calc_elem
     10000         0                                        
#          thickness
  0.100000000000E+01
# element definition
         1
        15        14         1         2
         2
        16        15         2         3
         3
        17        16         3         4
         4
        18        17         4         5
         5
        19        18         5         6
         6
        20        19         6         7
         7
        21        20         7         8
         8
        22        21         8         9
         9
        23        22         9        10
        10
        24        23        10        11
        11
        25        24        11        12
        12
        26        25        12        13
        13
        28        27        14        15
        14
        29        28        15        16
        15
        30        29        16        17
        16
        31        30        17        18
        17
        32        31        18        19
        18
        33        32        19        20
        19
        34        33        20        21
        20
        35        34        21        22
        21
        36        35        22        23
        22
        37        36        23        24
        23
        38        37        24        25
        24
        39        38        25        26
# timefunctions
         1
#    nfunc     nval
         1        51
  0.000000000000E+00  0.000000000000E+00
  0.200000000000E-07  0.125333233564E+00
  0.400000000000E-07  0.248689887165E+00
  0.600000000000E-07  0.368124552685E+00
  0.800000000000E-07  0.481753674102E+00
  0.100000000000E-06  0.587785252292E+00
  0.120000000000E-06  0.684547105929E+00
  0.140000000000E-06  0.770513242776E+00
  0.160000000000E-06  0.844327925502E+00
  0.180000000000E-06  0.904827052466E+00
  0.200000000000E-06  0.951056516295E+00
  0.220000000000E-06  0.982287250729E+00
  0.240000000000E-06  0.998026728428E+00
  0.260000000000E-06  0.998026728428E+00
  0.280000000000E-06  0.982287250729E+00
  0.300000000000E-06  0.951056516295E+00
  0.320000000000E-06  0.904827052466E+00
  0.340000000000E-06  0.844327925502E+00
  0.360000000000E-06  0.770513242776E+00
  0.380000000000E-06  0.684547105929E+00
  0.400000000000E-06  0.587785252292E+00
  0.420000000000E-06  0.481753674102E+00
  0.440000000000E-06  0.368124552685E+00
  0.460000000000E-06  0.248689887165E+00
  0.480000000000E-06  0.125333233564E+00
  0.500000000000E-06  0.566553889765E-15
  0.520000000000E-06 -0.125333233564E+00
  0.540000000000E-06 -0.248689887165E+00
  0.560000000000E-06 -0.368124552685E+00
  0.580000000000E-06 -0.481753674102E+00
  0.600000000000E-06 -0.587785252292E+00
  0.620000000000E-06 -0.684547105929E+00
  0.640000000000E-06 -0.770513242776E+00
  0.660000000000E-06 -0.844327925502E+00
  0.680000000000E-06 -0.904827052466E+00
  0.700000000000E-06 -0.951056516295E+00
  0.720000000000E-06 -0.982287250729E+00
  0.740000000000E-06 -0.998026728428E+00
  0.760000000000E-06 -0.998026728428E+00
  0.780000000000E-06 -0.982287250729E+00
  0.800000000000E-06 -0.951056516295E+00
  0.820000000000E-06 -0.904827052466E+00
  0.840000000000E-06 -0.844327925502E+00
  0.860000000000E-06 -0.770513242776E+00
  0.880000000000E-06 -0.684547105929E+00
  0.900000000000E-06 -0.587785252292E+00
  0.920000000000E-06 -0.481753674102E+00
  0.940000000000E-06 -0.368124552685E+00
  0.960000000000E-06 -0.248689887165E+00
  0.980000000000E-06 -0.125333233564E+00
  0.100000000000E-05  0.000000000000E+00
# time step sequence          1
#   direct  explicit  cor.loop ibemcheck
         0         0         0         0
#       checkbemtol.
  0.000000000000E+00
# statkey
         0
# nonlinear paramters
#algorithm     tolcr    up/tot   maxiter    updgeo
         0         0         0         0         0
#           convtol1            convtol2            convtol3            convtol4
  0.000000000000E+00  0.000000000000E+00  0.000000000000E+00  0.000000000000E+00
# numsteps savebegin  savestop  saveincr             delta-t
         5         1         5         1  0.500000000000E-07
#              alpha                beta             gamma_h             gamma_p
  0.000000000000E+00  0.250000000000E+00  0.500000000000E+00  0.100000000000E+01
#  numdofs numconstr  numrestr  numloads resistors numspring   bembdry   numflux
         0         0         3         0         0         0         0         0
#   numrad
         0
# restraints
         1   vp         1  0.100000000000E+01
        14   vp         1  0.100000000000E+01
        27   vp         1  0.100000000000E+01
# numpress ncurrdens
         0         0
#      regler_offset          regler_tol regl_itmx reglr_use
 0.0000000000000E+00 0.1000000000000E-05         2         0
