1.00000000e-01	1.00000000e-01	1.25000000e-01	-1.04347600e+13	-5.73832751e+12	-2.00901946e+12	-1.44492751e+13	1.29082154e+19	4.77757829e+17
1.00000000e-01	2.00000000e-01	1.25000000e-01	-7.44075894e+12	-4.12001216e+12	-1.38131361e+12	-1.02063209e+13	3.87513417e+19	5.49708797e+17
1.00000000e-01	3.00000000e-01	1.25000000e-01	2.37358375e+12	1.38902963e+12	5.43418657e+11	2.75633811e+12	3.28816472e+19	1.00593056e+18
1.00000000e-01	4.00000000e-01	1.25000000e-01	-3.31173658e+12	-1.73321932e+12	-5.92328604e+11	-5.03081701e+12	6.15508274e+18	5.26996894e+17
1.00000000e-01	5.00000000e-01	1.25000000e-01	-5.58692289e+11	-3.05131828e+11	-1.24832175e+11	-9.54033818e+11	-4.32197710e+18	3.30334358e+15
1.00000000e-01	6.00000000e-01	1.25000000e-01	-2.96566880e+12	-1.60891852e+12	-5.58196095e+11	-4.23630533e+12	1.28095943e+19	3.22238411e+17
1.00000000e-01	7.00000000e-01	1.25000000e-01	1.32447577e+12	7.94778394e+11	2.74141936e+11	1.36984430e+12	1.31123853e+19	4.99840500e+17
1.00000000e-01	8.00000000e-01	1.25000000e-01	-7.82791562e+12	-4.30758981e+12	-1.49027841e+12	-1.07257206e+13	9.68319023e+18	6.80547595e+17
1.00000000e-01	9.00000000e-01	1.25000000e-01	-7.24673615e+12	-3.98770487e+12	-1.35608768e+12	-1.00098305e+13	3.09354290e+19	5.28499044e+17
2.00000000e-01	1.00000000e-01	1.25000000e-01	-5.50350277e+12	-3.03993259e+12	-1.05533756e+12	-7.72188836e+12	2.41654416e+19	5.14364302e+17
2.00000000e-01	2.00000000e-01	1.25000000e-01	-6.42566667e+12	-3.55682057e+12	-1.20519656e+12	-8.85263058e+12	3.95740361e+19	6.19318509e+17
2.00000000e-01	3.00000000e-01	1.25000000e-01	-2.45744022e+12	-1.31215321e+12	-4.45141090e+11	-3.67063399e+12	2.71114072e+19	6.65145662e+17
2.00000000e-01	4.00000000e-01	1.25000000e-01	-8.06138559e+12	-4.40156803e+12	-1.56101595e+12	-1.12952290e+13	8.88766832e+18	2.73266881e+17
2.00000000e-01	5.00000000e-01	1.25000000e-01	-1.43611951e+12	-7.89034422e+11	-2.99689183e+11	-2.14104996e+12	9.03074722e+18	1.83652624e+17
2.00000000e-01	6.00000000e-01	1.25000000e-01	-3.11108350e+12	-1.70388575e+12	-5.95139968e+11	-4.40915793e+12	1.76012007e+19	4.06485179e+17
2.00000000e-01	7.00000000e-01	1.25000000e-01	-1.48479987e+12	-7.80289865e+11	-2.80551470e+11	-2.34294691e+12	1.99930150e+19	5.28786827e+17
2.00000000e-01	8.00000000e-01	1.25000000e-01	-8.28542398e+12	-4.55699647e+12	-1.60544656e+12	-1.13960544e+13	1.86041333e+19	5.77231465e+17
2.00000000e-01	9.00000000e-01	1.25000000e-01	-6.30470730e+12	-3.45088434e+12	-1.22824888e+12	-8.85714018e+12	2.65011137e+19	2.26863011e+17
3.00000000e-01	1.00000000e-01	1.25000000e-01	1.64316451e+13	9.10797154e+12	3.15087827e+12	2.18461668e+13	2.35974794e+18	1.39338022e+17
3.00000000e-01	2.00000000e-01	1.25000000e-01	1.50833900e+13	8.36554758e+12	2.90083671e+12	2.00987326e+13	7.90515728e+18	2.13036300e+17
3.00000000e-01	3.00000000e-01	1.25000000e-01	1.56544315e+13	8.70909208e+12	2.98605700e+12	2.07747702e+13	-6.33024604e+18	5.71950026e+15
3.00000000e-01	4.00000000e-01	1.25000000e-01	9.63067685e+12	5.38595385e+12	1.79785706e+12	1.26078581e+13	-1.54562350e+19	-2.17316675e+17
3.00000000e-01	5.00000000e-01	1.25000000e-01	1.74175028e+13	9.66475320e+12	3.30525264e+12	2.32390295e+13	-1.20659977e+19	-1.27611481e+17
3.00000000e-01	6.00000000e-01	1.25000000e-01	1.64527164e+13	9.13732846e+12	3.14871790e+12	2.19286539e+13	-6.78168526e+18	4.73743534e+16
3.00000000e-01	7.00000000e-01	1.25000000e-01	1.61245046e+13	8.97269960e+12	3.08388140e+12	2.14081746e+13	-3.61909883e+18	1.22216726e+17
3.00000000e-01	8.00000000e-01	1.25000000e-01	1.12170990e+13	6.25515391e+12	2.11466424e+12	1.48362716e+13	-4.56527978e+18	8.12316779e+16
3.00000000e-01	9.00000000e-01	1.25000000e-01	1.32047001e+13	7.36729891e+12	2.48537254e+12	1.74006390e+13	-4.04965959e+18	-2.70477323e+17
4.00000000e-01	1.00000000e-01	1.25000000e-01	9.91322364e+11	5.47162337e+11	2.12938984e+11	1.09172492e+12	2.21934391e+19	4.56872911e+17
4.00000000e-01	2.00000000e-01	1.25000000e-01	2.45916408e+12	1.35387894e+12	4.93172240e+11	3.14744382e+12	1.91534447e+19	4.28919809e+17
4.00000000e-01	3.00000000e-01	1.25000000e-01	2.22151951e+12	1.23812591e+12	4.20961425e+11	2.77600276e+12	7.71528418e+18	1.32993581e+17
4.00000000e-01	4.00000000e-01	1.25000000e-01	-4.58814106e+12	-2.51144590e+12	-9.06165534e+11	-6.45543460e+12	7.48402005e+18	1.44362990e+17
4.00000000e-01	5.00000000e-01	1.25000000e-01	1.76519359e+12	9.78264272e+11	3.20812600e+11	2.21355504e+12	6.99240313e+18	1.61612696e+17
4.00000000e-01	6.00000000e-01	1.25000000e-01	1.38260582e+12	7.77477015e+11	2.82286483e+11	1.66519036e+12	1.38975721e+19	3.55726450e+17
4.00000000e-01	7.00000000e-01	1.25000000e-01	-1.42674469e+11	-5.58133036e+10	-1.37024485e+10	-4.29881723e+11	1.65585735e+19	4.05529051e+17
4.00000000e-01	8.00000000e-01	1.25000000e-01	-3.76494386e+12	-2.06281274e+12	-7.38258923e+11	-5.28526843e+12	1.47062310e+19	3.31483103e+17
4.00000000e-01	9.00000000e-01	1.25000000e-01	-2.83124094e+12	-1.54019013e+12	-5.60462410e+11	-4.05957161e+12	1.37919293e+19	1.62547242e+17
5.00000000e-01	1.00000000e-01	1.25000000e-01	8.59514852e+11	4.81569536e+11	1.81011357e+11	9.16402118e+11	1.45345091e+19	3.26594369e+17
5.00000000e-01	2.00000000e-01	1.25000000e-01	4.65850963e+12	2.57453273e+12	9.02659103e+11	6.11288702e+12	5.28465693e+18	2.08711169e+17
5.00000000e-01	3.00000000e-01	1.25000000e-01	4.08929826e+12	2.26811160e+12	7.69030462e+11	5.32058345e+12	-3.45688545e+18	-1.29074068e+17
5.00000000e-01	4.00000000e-01	1.25000000e-01	-3.33320801e+12	-1.81412109e+12	-6.64404327e+11	-4.74303236e+12	3.03069396e+18	7.43993642e+16
5.00000000e-01	5.00000000e-01	1.25000000e-01	1.63738010e+12	9.10048370e+11	2.87377609e+11	2.05146301e+12	-1.20603524e+18	3.26040683e+15
5.00000000e-01	6.00000000e-01	1.25000000e-01	1.54206177e+12	8.71055021e+11	3.04870339e+11	1.87919176e+12	6.78454614e+18	2.24426325e+17
5.00000000e-01	7.00000000e-01	1.25000000e-01	-7.92139212e+11	-4.13929946e+11	-1.46166436e+11	-1.28167652e+12	9.08927558e+18	2.54954591e+17
5.00000000e-01	8.00000000e-01	1.25000000e-01	-3.43354437e+12	-1.87816039e+12	-6.80033510e+11	-4.82861425e+12	7.00241689e+18	1.62342169e+17
5.00000000e-01	9.00000000e-01	1.25000000e-01	-2.58559244e+12	-1.40678461e+12	-5.10720549e+11	-3.66905827e+12	5.12612807e+18	1.13043306e+17
6.00000000e-01	1.00000000e-01	1.25000000e-01	1.84332547e+12	1.01527320e+12	3.71201035e+11	2.29750035e+12	1.28732542e+19	3.10807513e+17
6.00000000e-01	2.00000000e-01	1.25000000e-01	6.90478893e+12	3.81574398e+12	1.33534416e+12	9.16798446e+12	7.81445215e+17	1.63202875e+17
6.00000000e-01	3.00000000e-01	1.25000000e-01	6.31175003e+12	3.49405428e+12	1.20192929e+12	8.34981151e+12	-6.16072346e+18	-1.81165993e+17
6.00000000e-01	4.00000000e-01	1.25000000e-01	-1.47318945e+12	-7.87187742e+11	-2.92133862e+11	-2.20411009e+12	3.75617746e+18	1.23965546e+17
6.00000000e-01	5.00000000e-01	1.25000000e-01	2.63325602e+12	1.45587599e+12	4.82778470e+11	3.43148648e+12	-2.95707260e+18	-9.57356789e+15
6.00000000e-01	6.00000000e-01	1.25000000e-01	2.33605302e+12	1.30276654e+12	4.52695757e+11	2.99988095e+12	4.52147808e+18	2.02529370e+17
6.00000000e-01	7.00000000e-01	1.25000000e-01	-2.95033520e+11	-1.48353354e+11	-5.25419978e+10	-5.54219597e+11	7.02478056e+18	2.33478699e+17
6.00000000e-01	8.00000000e-01	1.25000000e-01	-2.29507247e+12	-1.25436027e+12	-4.53917635e+11	-3.25571017e+12	5.99506365e+18	1.70945111e+17
6.00000000e-01	9.00000000e-01	1.25000000e-01	-3.16079921e+10	2.97263200e+09	-9.62221990e+09	-1.98240459e+11	2.82871998e+18	1.28395036e+17
7.00000000e-01	1.00000000e-01	1.25000000e-01	-4.72390925e+11	-2.64672085e+11	-5.53917577e+10	-7.66703348e+11	1.42998244e+19	2.86060712e+17
7.00000000e-01	2.00000000e-01	1.25000000e-01	5.09980538e+12	2.83594687e+12	1.01091724e+12	6.74660967e+12	1.74104057e+18	1.42102032e+17
7.00000000e-01	3.00000000e-01	1.25000000e-01	4.67589869e+12	2.60951341e+12	9.16497772e+11	6.14828573e+12	-4.08577496e+18	-1.87980358e+17
7.00000000e-01	4.00000000e-01	1.25000000e-01	-3.29418547e+12	-1.77560700e+12	-6.05663776e+11	-4.65539546e+12	6.95750548e+18	1.59953562e+17
7.00000000e-01	5.00000000e-01	1.25000000e-01	3.38049246e+11	2.00492831e+11	6.63283577e+10	3.57785723e+11	-1.21182346e+18	-1.37826046e+16
7.00000000e-01	6.00000000e-01	1.25000000e-01	-5.30054970e+11	-2.74785631e+11	-8.89821610e+10	-8.13039320e+11	4.64931533e+18	1.59696425e+17
7.00000000e-01	7.00000000e-01	1.25000000e-01	-3.11543710e+12	-1.70094333e+12	-5.80770516e+11	-4.31077214e+12	7.73325886e+18	2.10525953e+17
7.00000000e-01	8.00000000e-01	1.25000000e-01	-4.69996616e+12	-2.57169316e+12	-8.88222802e+11	-6.47438229e+12	8.66145560e+18	2.09373189e+17
7.00000000e-01	9.00000000e-01	1.25000000e-01	2.13977414e+10	5.21008335e+10	2.75336525e+10	-1.52972932e+11	3.95214306e+18	7.52779195e+16
8.00000000e-01	1.00000000e-01	1.25000000e-01	-2.01240054e+11	-1.25696949e+11	-6.95071440e+09	-3.40195916e+11	1.52369577e+19	2.99699551e+17
8.00000000e-01	2.00000000e-01	1.25000000e-01	5.62929418e+12	3.13871234e+12	1.11460326e+12	7.46935755e+12	2.94202145e+18	1.72991352e+17
8.00000000e-01	3.00000000e-01	1.25000000e-01	5.44866891e+12	3.04984303e+12	1.07410613e+12	7.18611713e+12	-2.06153723e+18	-1.32550254e+17
8.00000000e-01	4.00000000e-01	1.25000000e-01	-2.64913653e+12	-1.40874905e+12	-4.65721897e+11	-3.78844427e+12	9.27252308e+18	2.36693748e+17
8.00000000e-01	5.00000000e-01	1.25000000e-01	6.36772037e+11	3.70449849e+11	1.27501296e+11	7.79042795e+11	-4.38946051e+16	2.77450440e+16
8.00000000e-01	6.00000000e-01	1.25000000e-01	-9.07890296e+11	-4.86479160e+11	-1.75451343e+11	-1.26852730e+12	3.82110078e+18	1.63050725e+17
8.00000000e-01	7.00000000e-01	1.25000000e-01	-3.32482543e+12	-1.81914654e+12	-6.29726275e+11	-4.54874014e+12	7.60990058e+18	2.33558856e+17
8.00000000e-01	8.00000000e-01	1.25000000e-01	-4.57276770e+12	-2.49755038e+12	-8.56859927e+11	-6.28214469e+12	1.08163528e+19	2.98757448e+17
8.00000000e-01	9.00000000e-01	1.25000000e-01	2.98325170e+12	1.70277587e+12	6.01679726e+11	3.79597586e+12	4.52285399e+18	4.93082187e+16
9.00000000e-01	1.00000000e-01	1.25000000e-01	1.27730928e+12	6.92035030e+11	2.84708065e+11	1.69375272e+12	1.47583052e+19	3.25932475e+17
9.00000000e-01	2.00000000e-01	1.25000000e-01	7.36793693e+12	4.12191612e+12	1.46205632e+12	9.80081302e+12	2.81528610e+18	2.10648865e+17
9.00000000e-01	3.00000000e-01	1.25000000e-01	7.44101750e+12	4.17649020e+12	1.47743445e+12	9.84663778e+12	-1.24828573e+18	-7.81425799e+16
9.00000000e-01	4.00000000e-01	1.25000000e-01	-7.94770088e+11	-3.61657219e+11	-8.23219240e+10	-1.31146693e+12	1.04613446e+19	2.98245808e+17
9.00000000e-01	5.00000000e-01	1.25000000e-01	2.13053281e+12	1.21266031e+12	4.29297561e+11	2.79168868e+12	1.78479907e+16	4.46092184e+16
9.00000000e-01	6.00000000e-01	1.25000000e-01	-6.79143742e+10	-1.30043036e+10	-1.67365232e+10	-1.03144824e+11	1.89650178e+18	1.53281934e+17
9.00000000e-01	7.00000000e-01	1.25000000e-01	-2.30480104e+12	-1.24574975e+12	-4.31317808e+11	-3.15021376e+12	6.36244717e+18	2.39914709e+17
9.00000000e-01	8.00000000e-01	1.25000000e-01	-3.22382132e+12	-1.73593126e+12	-5.79482012e+11	-4.46401503e+12	1.18209213e+19	3.73978963e+17
9.00000000e-01	9.00000000e-01	1.25000000e-01	7.19061849e+12	4.05465998e+12	1.42686100e+12	9.40017108e+12	3.94378149e+18	3.17842278e+16
