x1 = 1
x2 = 0.75
x3 = 0.5
E(0) = 
 83 30 13 67 95
 35 29 73 87 1
 62 67 5 84 52
 26 29 5 32 41
 11 37 24 12 40
E(1) = 
 86 62 26 34 70
 86 2 62 8 97
 27 93 25 3 56
 40 73 46 60 65
 68 98 95 26 29
E(2) = 
 77 23 91 64 34
 92 22 70 76 2
 90 56 84 51 1
 26 21 29 76 89
 67 24 82 86 31
E(3) = 
 15 67 80 43 78
 49 58 96 78 17
 59 11 27 54 80
 72 19 13 68 44
 29 15 45 94 17
E(4) = 
 93 35 56 50 67
 21 69 81 88 92
 63 42 36 99 86
 36 84 57 39 19
 82 70 14 39 97
c1: 1
c2: 0
c3: 0
 i:3
 j:3
 k:2
 83 0 -159 106 0 0 0 0 -144 0 423 -282 96 0 -282 188 0 0 0 0 0 0 0 0 0 0 0 0 0 0 0 0 9 0 261 -174 0 0 0 0 432 0 -2889 1926 -288 0 1926 -1284 -6 0 -174 116 0 0 0 0 -288 0 1926 -1284 192 0 -1284 856
 86 0 -72 48 0 0 0 0 0 0 -540 360 0 0 360 -240 0 0 0 0 0 0 0 0 0 0 0 0 0 0 0 0 -27 0 -270 180 0 0 0 0 135 0 1188 -792 -90 0 -792 528 18 0 180 -120 0 0 0 0 -90 0 -792 528 60 0 528 -352
 77 0 -162 108 0 0 0 0 45 0 -144 96 -30 0 96 -64 0 0 0 0 0 0 0 0 0 0 0 0 0 0 0 0 -186 0 954 -636 0 0 0 0 171 0 -729 486 -114 0 486 -324 124 0 -636 424 0 0 0 0 -114 0 486 -324 76 0 -324 216
 15 0 156 -104 0 0 0 0 102 0 -387 258 -68 0 258 -172 0 0 0 0 0 0 0 0 0 0 0 0 0 0 0 0 234 0 -990 660 0 0 0 0 -954 0 4023 -2682 636 0 -2682 1788 -156 0 660 -440 0 0 0 0 636 0 -2682 1788 -424 0 1788 -1192
 35 0 -18 12 0 0 0 0 81 0 99 -66 -54 0 -66 44 0 0 0 0 0 0 0 0 0 0 0 0 0 0 0 0 153 0 -702 468 0 0 0 0 -774 0 3753 -2502 516 0 -2502 1668 -102 0 468 -312 0 0 0 0 516 0 -2502 1668 -344 0 1668 -1112
 86 0 -252 168 0 0 0 0 -177 0 1350 -900 118 0 -900 600 0 0 0 0 0 0 0 0 0 0 0 0 0 0 0 0 18 0 126 -84 0 0 0 0 513 0 -3078 2052 -342 0 2052 -1368 -12 0 -84 56 0 0 0 0 -342 0 2052 -1368 228 0 -1368 912
 92 0 -210 140 0 0 0 0 -6 0 324 -216 4 0 -216 144 0 0 0 0 0 0 0 0 0 0 0 0 0 0 0 0 -129 0 711 -474 0 0 0 0 108 0 -2511 1674 -72 0 1674 -1116 86 0 -474 316 0 0 0 0 -72 0 1674 -1116 48 0 -1116 744
 49 0 27 -18 0 0 0 0 30 0 -513 342 -20 0 342 -228 0 0 0 0 0 0 0 0 0 0 0 0 0 0 0 0 -84 0 351 -234 0 0 0 0 288 0 -324 216 -192 0 216 -144 56 0 -234 156 0 0 0 0 -192 0 216 -144 128 0 -144 96
 62 0 15 -10 0 0 0 0 -108 0 -18 12 72 0 12 -8 0 0 0 0 0 0 0 0 0 0 0 0 0 0 0 0 -105 0 549 -366 0 0 0 0 441 0 -837 558 -294 0 558 -372 70 0 -366 244 0 0 0 0 -294 0 558 -372 196 0 -372 248
 27 0 198 -132 0 0 0 0 39 0 -297 198 -26 0 198 -132 0 0 0 0 0 0 0 0 0 0 0 0 0 0 0 0 189 0 -900 600 0 0 0 0 -693 0 1674 -1116 462 0 -1116 744 -126 0 600 -400 0 0 0 0 462 0 -1116 744 -308 0 744 -496
 90 0 -102 68 0 0 0 0 -192 0 261 -174 128 0 -174 116 0 0 0 0 0 0 0 0 0 0 0 0 0 0 0 0 -93 0 -126 84 0 0 0 0 693 0 -918 612 -462 0 612 -408 62 0 84 -56 0 0 0 0 -462 0 612 -408 308 0 -408 272
 59 0 -144 96 0 0 0 0 39 0 -45 30 -26 0 30 -20 0 0 0 0 0 0 0 0 0 0 0 0 0 0 0 0 12 0 243 -162 0 0 0 0 -360 0 1998 -1332 240 0 -1332 888 -8 0 -162 108 0 0 0 0 240 0 -1332 888 -160 0 888 -592
 26 0 9 -6 0 0 0 0 -45 0 207 -138 30 0 -138 92 0 0 0 0 0 0 0 0 0 0 0 0 0 0 0 0 42 0 270 -180 0 0 0 0 387 0 -702 468 -258 0 468 -312 -28 0 -180 120 0 0 0 0 -258 0 468 -312 172 0 -312 208
 40 0 99 -66 0 0 0 0 84 0 -27 18 -56 0 18 -12 0 0 0 0 0 0 0 0 0 0 0 0 0 0 0 0 -42 0 -342 228 0 0 0 0 117 0 -945 630 -78 0 630 -420 28 0 228 -152 0 0 0 0 -78 0 630 -420 52 0 -420 280
 26 0 -15 10 0 0 0 0 123 0 -342 228 -82 0 228 -152 0 0 0 0 0 0 0 0 0 0 0 0 0 0 0 0 138 0 -432 288 0 0 0 0 -756 0 2079 -1386 504 0 -1386 924 -92 0 288 -192 0 0 0 0 504 0 -1386 924 -336 0 924 -616
 72 0 -159 106 0 0 0 0 -129 0 351 -234 86 0 -234 156 0 0 0 0 0 0 0 0 0 0 0 0 0 0 0 0 -108 0 909 -606 0 0 0 0 801 0 -2673 1782 -534 0 1782 -1188 72 0 -606 404 0 0 0 0 -534 0 1782 -1188 356 0 -1188 792
 30 0 -51 34 0 0 0 0 -3 0 549 -366 2 0 -366 244 0 0 0 0 0 0 0 0 0 0 0 0 0 0 0 0 96 0 -171 114 0 0 0 0 -531 0 945 -630 354 0 -630 420 -64 0 114 -76 0 0 0 0 354 0 -630 420 -236 0 420 -280
 62 0 -108 72 0 0 0 0 -180 0 864 -576 120 0 -576 384 0 0 0 0 0 0 0 0 0 0 0 0 0 0 0 0 -117 0 936 -624 0 0 0 0 531 0 -3132 2088 -354 0 2088 -1392 78 0 -624 416 0 0 0 0 -354 0 2088 -1392 236 0 -1392 928
 23 0 204 -136 0 0 0 0 -3 0 -180 120 2 0 120 -80 0 0 0 0 0 0 0 0 0 0 0 0 0 0 0 0 132 0 -495 330 0 0 0 0 -72 0 1215 -810 48 0 -810 540 -88 0 330 -220 0 0 0 0 48 0 -810 540 -32 0 540 -360
 67 0 39 -26 0 0 0 0 -27 0 225 -150 18 0 -150 100 0 0 0 0 0 0 0 0 0 0 0 0 0 0 0 0 -96 0 72 -48 0 0 0 0 387 0 -918 612 -258 0 612 -408 64 0 -48 32 0 0 0 0 -258 0 612 -408 172 0 -408 272
 29 0 132 -88 0 0 0 0 114 0 -954 636 -76 0 636 -424 0 0 0 0 0 0 0 0 0 0 0 0 0 0 0 0 -81 0 144 -96 0 0 0 0 477 0 -594 396 -318 0 396 -264 54 0 -96 64 0 0 0 0 -318 0 396 -264 212 0 -264 176
 2 0 180 -120 0 0 0 0 273 0 -1152 768 -182 0 768 -512 0 0 0 0 0 0 0 0 0 0 0 0 0 0 0 0 60 0 -108 72 0 0 0 0 -513 0 2916 -1944 342 0 -1944 1296 -40 0 72 -48 0 0 0 0 342 0 -1944 1296 -228 0 1296 -864
 22 0 144 -96 0 0 0 0 102 0 -180 120 -68 0 120 -80 0 0 0 0 0 0 0 0 0 0 0 0 0 0 0 0 108 0 -90 60 0 0 0 0 -729 0 -54 36 486 0 36 -24 -72 0 60 -40 0 0 0 0 486 0 36 -24 -324 0 -24 16
 58 0 114 -76 0 0 0 0 -141 0 -198 132 94 0 132 -88 0 0 0 0 0 0 0 0 0 0 0 0 0 0 0 0 33 0 -234 156 0 0 0 0 180 0 108 -72 -120 0 -72 48 -22 0 156 -104 0 0 0 0 -120 0 -72 48 80 0 48 -32
 67 0 -186 124 0 0 0 0 -114 0 342 -228 76 0 -228 152 0 0 0 0 0 0 0 0 0 0 0 0 0 0 0 0 78 0 -54 36 0 0 0 0 162 0 81 -54 -108 0 -54 36 -52 0 36 -24 0 0 0 0 -108 0 -54 36 72 0 36 -24
 93 0 -204 136 0 0 0 0 -60 0 369 -246 40 0 -246 164 0 0 0 0 0 0 0 0 0 0 0 0 0 0 0 0 -111 0 864 -576 0 0 0 0 -135 0 -1647 1098 90 0 1098 -732 74 0 -576 384 0 0 0 0 90 0 1098 -732 -60 0 -732 488
 56 0 84 -56 0 0 0 0 -105 0 -180 120 70 0 120 -80 0 0 0 0 0 0 0 0 0 0 0 0 0 0 0 0 -135 0 -108 72 0 0 0 0 387 0 -54 36 -258 0 36 -24 90 0 72 -48 0 0 0 0 -258 0 36 -24 172 0 -24 16
 11 0 48 -32 0 0 0 0 24 0 -198 132 -16 0 132 -88 0 0 0 0 0 0 0 0 0 0 0 0 0 0 0 0 93 0 -198 132 0 0 0 0 306 0 27 -18 -204 0 -18 12 -62 0 132 -88 0 0 0 0 -204 0 -18 12 136 0 12 -8
 29 0 -72 48 0 0 0 0 24 0 99 -66 -16 0 -66 44 0 0 0 0 0 0 0 0 0 0 0 0 0 0 0 0 132 0 -27 18 0 0 0 0 153 0 351 -234 -102 0 -234 156 -88 0 18 -12 0 0 0 0 -102 0 -234 156 68 0 156 -104
 73 0 -81 54 0 0 0 0 75 0 216 -144 -50 0 -144 96 0 0 0 0 0 0 0 0 0 0 0 0 0 0 0 0 -156 0 315 -210 0 0 0 0 -198 0 702 -468 132 0 -468 312 104 0 -210 140 0 0 0 0 132 0 -468 312 -88 0 312 -208
 21 0 24 -16 0 0 0 0 9 0 450 -300 -6 0 -300 200 0 0 0 0 0 0 0 0 0 0 0 0 0 0 0 0 -6 0 -126 84 0 0 0 0 -63 0 -378 252 42 0 252 -168 4 0 84 -56 0 0 0 0 42 0 252 -168 -28 0 -168 112
 19 0 -18 12 0 0 0 0 -12 0 324 -216 8 0 -216 144 0 0 0 0 0 0 0 0 0 0 0 0 0 0 0 0 195 0 -189 126 0 0 0 0 -90 0 -1755 1170 60 0 1170 -780 -130 0 126 -84 0 0 0 0 60 0 1170 -780 -40 0 -780 520
 13 0 162 -108 0 0 0 0 180 0 -360 240 -120 0 240 -160 0 0 0 0 0 0 0 0 0 0 0 0 0 0 0 0 39 0 -414 276 0 0 0 0 -216 0 -594 396 144 0 396 -264 -26 0 276 -184 0 0 0 0 144 0 396 -264 -96 0 -264 176
 26 0 24 -16 0 0 0 0 108 0 -558 372 -72 0 372 -248 0 0 0 0 0 0 0 0 0 0 0 0 0 0 0 0 195 0 -315 210 0 0 0 0 -513 0 2565 -1710 342 0 -1710 1140 -130 0 210 -140 0 0 0 0 342 0 -1710 1140 -228 0 1140 -760
 91 0 -81 54 0 0 0 0 -63 0 297 -198 42 0 -198 132 0 0 0 0 0 0 0 0 0 0 0 0 0 0 0 0 -33 0 -90 60 0 0 0 0 333 0 -378 252 -222 0 252 -168 22 0 60 -40 0 0 0 0 -222 0 252 -168 148 0 -168 112
 80 0 -111 74 0 0 0 0 48 0 171 -114 -32 0 -114 76 0 0 0 0 0 0 0 0 0 0 0 0 0 0 0 0 -72 0 279 -186 0 0 0 0 81 0 -162 108 -54 0 108 -72 48 0 -186 124 0 0 0 0 -54 0 108 -72 36 0 -72 48
 73 0 42 -28 0 0 0 0 -204 0 585 -390 136 0 -390 260 0 0 0 0 0 0 0 0 0 0 0 0 0 0 0 0 -33 0 -612 408 0 0 0 0 279 0 -891 594 -186 0 594 -396 22 0 408 -272 0 0 0 0 -186 0 594 -396 124 0 -396 264
 62 0 -162 108 0 0 0 0 -111 0 288 -192 74 0 -192 128 0 0 0 0 0 0 0 0 0 0 0 0 0 0 0 0 24 0 540 -360 0 0 0 0 459 0 -1917 1278 -306 0 1278 -852 -16 0 -360 240 0 0 0 0 -306 0 1278 -852 204 0 -852 568
 70 0 18 -12 0 0 0 0 42 0 -351 234 -28 0 234 -156 0 0 0 0 0 0 0 0 0 0 0 0 0 0 0 0 78 0 -216 144 0 0 0 0 -747 0 2268 -1512 498 0 -1512 1008 -52 0 144 -96 0 0 0 0 498 0 -1512 1008 -332 0 1008 -672
 96 0 -54 36 0 0 0 0 -207 0 405 -270 138 0 -270 180 0 0 0 0 0 0 0 0 0 0 0 0 0 0 0 0 -45 0 225 -150 0 0 0 0 216 0 297 -198 -144 0 -198 132 30 0 -150 100 0 0 0 0 -144 0 -198 132 96 0 132 -88
 5 0 237 -158 0 0 0 0 0 0 -468 312 0 0 312 -208 0 0 0 0 0 0 0 0 0 0 0 0 0 0 0 0 60 0 -909 606 0 0 0 0 189 0 2376 -1584 -126 0 -1584 1056 -40 0 606 -404 0 0 0 0 -126 0 -1584 1056 84 0 1056 -704
 25 0 -66 44 0 0 0 0 63 0 324 -216 -42 0 -216 144 0 0 0 0 0 0 0 0 0 0 0 0 0 0 0 0 177 0 -99 66 0 0 0 0 -684 0 1188 -792 456 0 -792 528 -118 0 66 -44 0 0 0 0 456 0 -792 528 -304 0 528 -352
 84 0 -99 66 0 0 0 0 -165 0 720 -480 110 0 -480 320 0 0 0 0 0 0 0 0 0 0 0 0 0 0 0 0 -171 0 540 -360 0 0 0 0 369 0 -1404 936 -246 0 936 -624 114 0 -360 240 0 0 0 0 -246 0 936 -624 164 0 -624 416
 27 0 81 -54 0 0 0 0 -42 0 252 -168 28 0 -168 112 0 0 0 0 0 0 0 0 0 0 0 0 0 0 0 0 27 0 324 -216 0 0 0 0 315 0 -2943 1962 -210 0 1962 -1308 -18 0 -216 144 0 0 0 0 -210 0 1962 -1308 140 0 -1308 872
 5 0 81 -54 0 0 0 0 57 0 -351 234 -38 0 234 -156 0 0 0 0 0 0 0 0 0 0 0 0 0 0 0 0 123 0 -117 78 0 0 0 0 270 0 -1188 792 -180 0 792 -528 -82 0 78 -52 0 0 0 0 -180 0 792 -528 120 0 -528 352
 46 0 42 -28 0 0 0 0 147 0 -747 498 -98 0 498 -332 0 0 0 0 0 0 0 0 0 0 0 0 0 0 0 0 -51 0 297 -198 0 0 0 0 36 0 1080 -720 -24 0 -720 480 34 0 -198 132 0 0 0 0 -24 0 -720 480 16 0 480 -320
 29 0 141 -94 0 0 0 0 159 0 -387 258 -106 0 258 -172 0 0 0 0 0 0 0 0 0 0 0 0 0 0 0 0 -48 0 72 -48 0 0 0 0 -189 0 999 -666 126 0 -666 444 32 0 -48 32 0 0 0 0 126 0 -666 444 -84 0 444 -296
 13 0 165 -110 0 0 0 0 96 0 -54 36 -64 0 36 -24 0 0 0 0 0 0 0 0 0 0 0 0 0 0 0 0 132 0 -657 438 0 0 0 0 -675 0 1323 -882 450 0 -882 588 -88 0 438 -292 0 0 0 0 450 0 -882 588 -300 0 588 -392
 67 0 84 -56 0 0 0 0 60 0 -1026 684 -40 0 684 -456 0 0 0 0 0 0 0 0 0 0 0 0 0 0 0 0 -99 0 72 -48 0 0 0 0 -414 0 4509 -3006 276 0 -3006 2004 66 0 -48 32 0 0 0 0 276 0 -3006 2004 -184 0 2004 -1336
 34 0 108 -72 0 0 0 0 -78 0 477 -318 52 0 -318 212 0 0 0 0 0 0 0 0 0 0 0 0 0 0 0 0 90 0 -594 396 0 0 0 0 342 0 -2619 1746 -228 0 1746 -1164 -60 0 396 -264 0 0 0 0 -228 0 1746 -1164 152 0 -1164 776
 64 0 -90 60 0 0 0 0 36 0 -396 264 -24 0 264 -176 0 0 0 0 0 0 0 0 0 0 0 0 0 0 0 0 -63 0 585 -390 0 0 0 0 207 0 -1404 936 -138 0 936 -624 42 0 -390 260 0 0 0 0 -138 0 936 -624 92 0 -624 416
 43 0 105 -70 0 0 0 0 105 0 -864 576 -70 0 576 -384 0 0 0 0 0 0 0 0 0 0 0 0 0 0 0 0 21 0 -162 108 0 0 0 0 27 0 2241 -1494 -18 0 -1494 996 -14 0 108 -72 0 0 0 0 -18 0 -1494 996 12 0 996 -664
 87 0 -258 172 0 0 0 0 -9 0 486 -324 6 0 -324 216 0 0 0 0 0 0 0 0 0 0 0 0 0 0 0 0 -237 0 1575 -1050 0 0 0 0 -18 0 -2430 1620 12 0 1620 -1080 158 0 -1050 700 0 0 0 0 12 0 1620 -1080 -8 0 -1080 720
 8 0 267 -178 0 0 0 0 -15 0 -324 216 10 0 216 -144 0 0 0 0 0 0 0 0 0 0 0 0 0 0 0 0 204 0 -1467 978 0 0 0 0 -180 0 1620 -1080 120 0 -1080 720 -136 0 978 -652 0 0 0 0 120 0 -1080 720 -80 0 720 -480
 76 0 -222 148 0 0 0 0 -75 0 216 -144 50 0 -144 96 0 0 0 0 0 0 0 0 0 0 0 0 0 0 0 0 6 0 117 -78 0 0 0 0 9 0 1701 -1134 -6 0 -1134 756 -4 0 -78 52 0 0 0 0 -6 0 -1134 756 4 0 756 -504
 78 0 -183 122 0 0 0 0 -72 0 783 -522 48 0 -522 348 0 0 0 0 0 0 0 0 0 0 0 0 0 0 0 0 30 0 585 -390 0 0 0 0 315 0 -2808 1872 -210 0 1872 -1248 -20 0 -390 260 0 0 0 0 -210 0 1872 -1248 140 0 -1248 832
 84 0 -96 64 0 0 0 0 -156 0 369 -246 104 0 -246 164 0 0 0 0 0 0 0 0 0 0 0 0 0 0 0 0 -243 0 765 -510 0 0 0 0 981 0 -2403 1602 -654 0 1602 -1068 162 0 -510 340 0 0 0 0 -654 0 1602 -1068 436 0 -1068 712
 3 0 159 -106 0 0 0 0 171 0 -432 288 -114 0 288 -192 0 0 0 0 0 0 0 0 0 0 0 0 0 0 0 0 144 0 -927 618 0 0 0 0 -288 0 2997 -1998 192 0 -1998 1332 -96 0 618 -412 0 0 0 0 192 0 -1998 1332 -128 0 1332 -888
 51 0 -150 100 0 0 0 0 75 0 567 -378 -50 0 -378 252 0 0 0 0 0 0 0 0 0 0 0 0 0 0 0 0 9 0 684 -456 0 0 0 0 -99 0 -3051 2034 66 0 2034 -1356 -6 0 -456 304 0 0 0 0 66 0 2034 -1356 -44 0 -1356 904
 54 0 78 -52 0 0 0 0 42 0 -450 300 -28 0 300 -200 0 0 0 0 0 0 0 0 0 0 0 0 0 0 0 0 135 0 -351 234 0 0 0 0 -666 0 1161 -774 444 0 -774 516 -90 0 234 -156 0 0 0 0 444 0 -774 516 -296 0 516 -344
 32 0 27 -18 0 0 0 0 -60 0 171 -114 40 0 -114 76 0 0 0 0 0 0 0 0 0 0 0 0 0 0 0 0 84 0 -36 24 0 0 0 0 -126 0 -567 378 84 0 378 -252 -56 0 24 -16 0 0 0 0 84 0 378 -252 -56 0 -252 168
 60 0 15 -10 0 0 0 0 -102 0 -18 12 68 0 12 -8 0 0 0 0 0 0 0 0 0 0 0 0 0 0 0 0 48 0 72 -48 0 0 0 0 396 0 -1782 1188 -264 0 1188 -792 -32 0 -48 32 0 0 0 0 -264 0 1188 -792 176 0 -792 528
 76 0 39 -26 0 0 0 0 30 0 -612 408 -20 0 408 -272 0 0 0 0 0 0 0 0 0 0 0 0 0 0 0 0 -24 0 -333 222 0 0 0 0 144 0 405 -270 -96 0 -270 180 16 0 222 -148 0 0 0 0 -96 0 -270 180 64 0 180 -120
 68 0 -72 48 0 0 0 0 78 0 -477 318 -52 0 318 -212 0 0 0 0 0 0 0 0 0 0 0 0 0 0 0 0 -87 0 36 -24 0 0 0 0 -234 0 3537 -2358 156 0 -2358 1572 58 0 -24 16 0 0 0 0 156 0 -2358 1572 -104 0 1572 -1048
result: 21
