first tensor gripper_3d
"[0.00343496243735, 7.80996903394e-05, 0.00343496178274, 0.00861551223751, 0.00861547604683, 0.953201820585, 0.000119082906347, 0.000119082407126, 0.0131253078697, 0.00353819615417, 0.00107659747583, 0.00107660783518, 0.118729252147, 0.00164032359713, 0.0181949167358, 0.00107660713828, 0.00107658774222, 0.118728676392, 0.00164031564745, 0.0148381288282, 0.0181947729011]"

last tensor gripper_3d
"[0.00401617093935,-2.56173585052e-07,0.00401617094245,2.20294623258e-07,2.2027694833e-07,0.00401566744551,3.38547287661e-07,3.38534101428-07,-5.93702112942e-07,0.00401568927622,-4.13754162037e-08,-6.18071141999e-08,6.94156633186e-08,2.81430319706e-07,0.00401628783183,-6.181071466e-08,-4.13602971057e-08,6.94018181029e-08,2.81408882188e-07,-1.66007908852e-07,0.00401628785427]"

synthetic
"[1, 0, 0.5, 0, 0, 0.25, 0, 0, 0, 0, 0, 0, 0, 0, 0, 0, 0, 0, 0, 0 ,0 ]"
synthetic rot alpha = 0.3, beta = 0.2
"[0.9230083, 0.00413864, 0.41825233,0.04325094,0.05836121,0.19723781,-0.01337908,0.12310738,-0.0475053, 0.05836121, -0.17683549, 0.00325975, 0.03406615, -0.0105379, 0.04325094, 0.05470163, -0.00100836, -0.0105379, 0.00325975,-0.01337908,0.00413864]"    

isotropic tensor (sigmund) (voigt!!!)
"[1,0.3,1,0.3,0.3,1,0.0,0.0,0.0,3.5,0,0,0,0,3.5,0,0,0,0,0,3.5]"  

PZT Voigt y-pol
"[12.6,8.41,11.7,7.95,8.41,12.6,0,0,0,2.3,0,0,0,0,2.32,0,0,0,0,0,2.3]"
                 1.260000e+01  8.410000e+00  7.950000e+00  0.000000e+00  0.000000e+00  0.000000e+00
                 8.410000e+00  1.170000e+01  8.410000e+00  0.000000e+00  0.000000e+00  0.000000e+00
                 7.950000e+00  8.410000e+00  1.260000e+01  0.000000e+00  0.000000e+00  0.000000e+00
                 0.000000e+00  0.000000e+00  0.000000e+00  2.300000e+00  0.000000e+00  0.000000e+00
                 0.000000e+00  0.000000e+00  0.000000e+00  0.000000e+00  2.320000e+00  0.000000e+00
                 0.000000e+00  0.000000e+00  0.000000e+00  0.000000e+00  0.000000e+00  2.300000e+00
